Dufort Frankel
300, 245.01, 199.439, 157.816, 134.415, 114.834, 107.679, 102.165, 100.981, 100.189, 100.189, 100.981, 102.165, 107.679, 114.834,134.415, 157.816, 199.439, 245.01, 300

Richardson
300, -229838, 332137, -288370, 178640, -82211.1, 28701.3, -7287.34, 1470.36, -55.6926, -55.6926, 1470.36, -7287.34, 28701.3, -82211.1, 178640, -288370, 332137, -229838, 300

Laasonen
300, 239.249, 188.029, 150.901, 127.192, 113.558, 106.373, 102.864, 101.282, 100.689, 100.689, 101.282, 102.864, 106.373, 113.558, 127.192, 150.901, 188.029, 239.249, 300

Crank Nicholson
300, 241.69, 191.098, 152.926, 127.766, 113.187, 105.698, 102.261, 100.849, 100.368, 100.368, 100.849, 102.261, 105.698, 113.187,127.766, 152.926, 191.098, 241.69, 300

Analytical results
300, 244.735, 195.9, 157.769, 131.46, 115.42, 106.779, 102.666, 100.94, 100.313, 100.163, 100.313, 100.94, 102.666, 106.779, 115.42, 131.46, 157.769, 195.9, 244.734, 300